0 4
1 3
2 7
3 6
4 5
5 4
6 3
7 3
8 3
9 3
10 3
11 3
12 3
13 3
14 3
15 3
16 3
17 3
18 3
19 3
20 3
21 3
22 3
23 3
24 3
25 3
26 3
27 3
28 3
29 3
30 3
31 3
32 3
33 3
34 3
35 3
36 3
37 3
38 3
39 3
40 3
41 3
42 3
43 3
44 3
45 3
46 3
47 3
48 7
49 6
50 9
51 8
52 7
53 6
54 5
55 8
56 7
57 6
58 5
59 8
60 7
61 6
62 5
63 4
64 3
65 3
66 3
67 3
68 3
69 7
70 6
71 5
72 8
73 7
74 6
75 5
76 8
77 7
78 6
79 5
80 4
81 3
82 3
83 3
84 3
85 3
86 3
87 3
88 3
89 3
90 3
91 3
92 3
93 3
94 3
95 3
96 3
97 3
98 3
99 3
100 3
101 3
102 3
103 3
104 3
105 3
106 3
107 3
108 3
109 3
110 3
111 3
112 3
113 3
114 3
115 3
116 3
117 3
118 3
119 3
120 3
121 3
122 3
123 3
124 3
125 3
126 3
127 3
128 3
129 3
130 3
131 3
132 3
133 3
134 7
135 6
136 9
137 8
138 7
139 6
140 5
141 4
142 7
143 6
144 5
145 4
146 3
147 7
148 6
149 5
150 4
151 3
152 3
153 7
154 6
155 9
156 8
157 7
158 6
159 5
160 4
161 3
162 3
163 3
164 7
165 6
166 9
167 8
168 7
169 6
170 5
171 4
172 3
173 3
174 3
175 7
176 6
177 5
178 4
179 7
180 6
181 9
182 8
183 7
184 6
185 5
186 4
187 3
188 3
189 3
190 3
191 3
192 3
193 3
194 3
195 3
196 3
197 3
198 3
199 3
200 3
201 3
202 3
203 7
204 6
205 9
206 8
207 7
208 6
209 9
210 8
211 7
212 6
213 5
214 8
215 7
216 6
217 5
218 4
219 3
220 3
221 3
222 3
223 3
224 3
225 3
226 3
227 3
228 3
229 3
230 3
231 3
232 3
233 3
234 3
235 3
236 3
237 3
238 3
239 3
240 3
241 3
242 3
243 3
244 3
245 3
246 3
247 3
248 7
249 6
250 9
251 8
252 7
253 6
254 5
255 4
256 3
257 3
258 3
259 3
260 3
261 3
262 3
263 3
264 3
265 3
266 3
267 7
268 6
269 9
270 8
271 7
272 6
273 5
274 8
275 7
276 6
277 5
278 4
279 3
280 3
281 3
282 3
283 3
284 7
285 6
286 9
287 8
288 7
289 6
290 9
291 8
292 7
293 6
294 9
295 8
296 7
297 6
298 5
299 4
300 3
301 3
302 3
303 3
304 3
305 7
306 6
307 9
308 8
309 7
310 6
311 5
312 8
313 7
314 6
315 5
316 8
317 7
318 6
319 5
320 8
321 7
322 6
323 5
324 8
325 7
326 6
327 5
328 8
329 7
330 6
331 5
332 4
333 3
334 3
335 3
336 3
337 3
338 3
339 3
340 3
341 3
342 3
343 3
344 3
345 3
346 3
347 3
348 3
349 3
350 3
351 7
352 6
353 5
354 8
355 7
356 6
357 5
358 8
359 7
360 6
361 5
362 4
363 3
364 3
365 3
366 3
367 3
368 3
369 3
370 7
371 6
372 5
373 8
374 7
375 6
376 5
377 4
378 3
379 3
380 3
381 7
382 6
383 9
384 8
385 7
386 6
387 5
388 4
389 3
390 7
391 6
392 5
393 4
394 3
395 3
396 3
397 3
398 3
399 3
400 3
401 7
402 6
403 9
404 8
405 7
406 6
407 9
408 8
409 7
410 6
411 5
412 4
413 3
414 7
415 6
416 5
417 4
418 3
419 3
420 3
421 3
422 3
423 3
424 3
425 3
426 3
427 3
428 3
429 3
430 3
431 3
432 3
433 3
434 3
435 3
436 3
437 7
438 6
439 5
440 4
441 3
442 7
443 6
444 5
445 8
446 7
447 6
448 5
449 4
450 3
451 3
452 3
453 3
454 3
455 3
456 3
457 3
458 3
459 3
460 3
461 3
462 3
463 3
464 3
465 3
466 3
467 3
468 7
469 6
470 5
471 4
472 3
473 3
474 3
475 3
476 7
477 6
478 5
479 8
480 7
481 6
482 5
483 8
484 7
485 6
486 5
487 4
488 3
489 3
490 3
491 7
492 6
493 5
494 4
495 3
496 3
497 3
498 7
499 6
500 9
501 8
502 7
503 6
504 9
505 8
506 7
507 6
508 5
509 8
510 7
511 6
512 5
513 4
514 3
515 3
516 3
517 3
518 3
519 3
520 3
521 3
522 3
523 3
524 3
525 3
526 3
527 3
528 3
529 3
530 3
531 3
532 3
533 3
534 3
535 3
536 3
537 3
538 3
539 3
540 3
541 3
542 7
543 6
544 9
545 8
546 7
547 6
548 5
549 4
550 3
551 3
552 3
553 3
554 3
555 3
556 3
557 3
558 3
559 3
560 3
561 3
562 3
563 3
564 3
