0 0
1 1
2 1
3 2
4 2
5 2
6 2
7 2
8 2
9 2
10 2
11 2
12 2
13 2
14 2
15 2
16 2
17 2
18 2
19 2
20 2
21 2
22 2
23 2
24 2
25 2
26 2
27 2
28 2
29 2
30 2
31 2
32 2
33 2
34 2
35 2
36 2
37 2
38 2
39 2
40 2
41 2
42 2
43 2
44 2
45 2
46 2
47 2
48 2
49 0
50 0
51 1
52 1
53 1
54 1
55 1
56 2
57 2
58 2
59 2
60 3
61 3
62 3
63 3
64 3
65 3
66 3
67 3
68 3
69 3
70 1
71 1
72 1
73 2
74 2
75 2
76 2
77 3
78 3
79 3
80 3
81 3
82 3
83 3
84 3
85 3
86 3
87 3
88 3
89 3
90 3
91 3
92 3
93 3
94 3
95 3
96 3
97 3
98 3
99 3
100 3
101 3
102 3
103 3
104 3
105 3
106 3
107 3
108 3
109 3
110 3
111 3
112 3
113 3
114 3
115 3
116 3
117 3
118 3
119 3
120 3
121 3
122 3
123 3
124 3
125 3
126 3
127 3
128 3
129 3
130 3
131 3
132 3
133 3
134 3
135 1
136 1
137 2
138 2
139 2
140 2
141 2
142 2
143 2
144 2
145 2
146 2
147 2
148 2
149 2
150 2
151 2
152 2
153 2
154 1
155 1
156 2
157 2
158 2
159 2
160 2
161 2
162 2
163 2
164 2
165 1
166 1
167 2
168 2
169 2
170 2
171 2
172 2
173 2
174 2
175 2
176 1
177 1
178 1
179 1
180 1
181 1
182 2
183 2
184 2
185 2
186 2
187 2
188 2
189 2
190 2
191 2
192 2
193 2
194 2
195 2
196 2
197 2
198 2
199 2
200 2
201 2
202 2
203 2
204 0
205 0
206 1
207 1
208 1
209 1
210 2
211 2
212 2
213 2
214 2
215 3
216 3
217 3
218 3
219 3
220 3
221 3
222 3
223 3
224 3
225 3
226 3
227 3
228 3
229 3
230 3
231 3
232 3
233 3
234 3
235 3
236 3
237 3
238 3
239 3
240 3
241 3
242 3
243 3
244 3
245 3
246 3
247 3
248 3
249 1
250 1
251 2
252 2
253 2
254 2
255 2
256 2
257 2
258 2
259 2
260 2
261 2
262 2
263 2
264 2
265 2
266 2
267 2
268 0
269 0
270 1
271 1
272 1
273 1
274 1
275 2
276 2
277 2
278 2
279 2
280 2
281 2
282 2
283 2
284 2
285 0
286 0
287 1
288 1
289 1
290 1
291 2
292 2
293 2
294 2
295 3
296 3
297 3
298 3
299 3
300 3
301 3
302 3
303 3
304 3
305 3
306 1
307 1
308 2
309 2
310 2
311 2
312 2
313 3
314 3
315 3
316 3
317 3
318 3
319 3
320 3
321 3
322 3
323 3
324 3
325 3
326 3
327 3
328 3
329 3
330 3
331 3
332 3
333 3
334 3
335 3
336 3
337 3
338 3
339 3
340 3
341 3
342 3
343 3
344 3
345 3
346 3
347 3
348 3
349 3
350 3
351 3
352 1
353 1
354 1
355 2
356 2
357 2
358 2
359 3
360 3
361 3
362 3
363 3
364 3
365 3
366 3
367 3
368 3
369 3
370 3
371 1
372 1
373 1
374 2
375 2
376 2
377 2
378 2
379 2
380 2
381 2
382 1
383 1
384 2
385 2
386 2
387 2
388 2
389 2
390 2
391 2
392 2
393 2
394 2
395 2
396 2
397 2
398 2
399 2
400 2
401 2
402 0
403 0
404 1
405 1
406 1
407 1
408 2
409 2
410 2
411 2
412 2
413 2
414 2
415 2
416 2
417 2
418 2
419 2
420 2
421 2
422 2
423 2
424 2
425 2
426 2
427 2
428 2
429 2
430 2
431 2
432 2
433 2
434 2
435 2
436 2
437 2
438 0
439 0
440 0
441 0
442 0
443 0
444 0
445 0
446 1
447 1
448 1
449 1
450 1
451 1
452 1
453 1
454 1
455 1
456 1
457 1
458 1
459 1
460 1
461 1
462 1
463 1
464 1
465 1
466 1
467 1
468 1
469 -1
470 -1
471 -1
472 -1
473 -1
474 -1
475 -1
476 -1
477 0
478 0
479 0
480 1
481 1
482 1
483 1
484 2
485 2
486 2
487 2
488 2
489 2
490 2
491 2
492 1
493 1
494 1
495 1
496 1
497 1
498 1
499 0
500 0
501 1
502 1
503 1
504 1
505 2
506 2
507 2
508 2
509 2
510 3
511 3
512 3
513 3
514 3
515 3
516 3
517 3
518 3
519 3
520 3
521 3
522 3
523 3
524 3
525 3
526 3
527 3
528 3
529 3
530 3
531 3
532 3
533 3
534 3
535 3
536 3
537 3
538 3
539 3
540 3
541 3
542 3
543 1
544 1
545 2
546 2
547 2
548 2
549 2
550 2
551 2
552 2
553 2
554 2
555 2
556 2
557 2
558 2
559 2
560 2
561 2
562 2
563 2
564 2
